111 11111111 1199111111. 277

19111111119111111111159191111111111911911911159111911111111 1111191111111111119151911.
11·. 7. 20. 1919919199 91199191, 9919911919999899999919999, 7777707 99999991
1199199999 991991’91991·9999,9 9999191991991911191195959 891519191119191111111151111111111111
1111911.11.Ρ115111195,11191111. 1. 899119119111111911111 99191919 91111195 1199 911-
1195911999,[911911111119519111111191991199911111915511111511119191’,9115 librisque
Ρ15191951599119195 1911191119591. 11119119511191 11111 191 119111 11191151911911111111
1)11511·111;11111199195111 9111 [1111111911115199195995 7 1111111919 1911 1111111111511111111111
expunctus est.

8, 111191 1111111115, 1911111115 11511 951999195911, 5191198919911111991915991195·
11111111115111199 venerabilior 1951 777 77 9911111 119991111· 5991111119911111 9111919111-
111111. 111119 99159 1991199 11919119111119111191119 9115119 99119111 9195191111191, 11191919
(91119191999999591999199119191199 11911111 credidit. 111 111111 1·1·111 51111911191111
9111991, 99111111 septuaginta, 19119 (1991111111,91111119111195, 19111159 919911191151111111-
1·1·91,119119111111111111111119111·1191199111989191911151119191115111191115111111911119911-
1111919111.19115911·111·191111111111115,Ρ91191111991111911919111111191111,
19111111 Alexandriae. 9191115 11119111119111991111111111 111111119991195 9111199911115 111·11 11·11
911 111195 1111119191, misisse 11911115 19119 11 1199111511191119195 111111 5911919919995
99191111, 111111 hebraici 91 graeci 5919191195 9111191195 91911959919111, 19119 9115119111
1·1 1191111911 911 9119911111 99911111111119111. 11911115111911191111, 1911919111 1111199919-
11911115 9111911991, 11991119111111 gerentes, delectos septuaginta 51919111958919-
99111111111111, 1·1 11119115191191911911119 peritiores, 1191111119. 777-7777 Ρ1111911111115,
177 19111119119195119111119119118911911111111119111119119119191191911951111111111
5911119111 11111111919111191111 11119 19111911111111911ῃ9111 5999911 ’9995 995999119199111,
91155991199599991999199 9199119999 9189 .· . 9199119 9191199995 199115·
99991· 19119511 1115511 111911111155911111111911 1391911119111111111111119111
11111191. 09919911 199119 9911195 9911991111 959599· 9199191191 77777777 ·91991919· 199, 9999111-
9991911991195 51995 999191911999999119195, 777777 9991 99191 915 959, 99 77 11919199
1999999 777070707 191919919511911, 1119119991 15 9919191191· 99591991 1999 9195, 99995 5119111

11999919 5, 19999999 9911995 91199 99199 9919599 7700 9911999191191999911995911191119
15 9999991919 9199999919·9919 9199591199919919911999111199191999119511989919-
99119919.11111191111·151111191119119111,191119111191111115 1191191111911111195511,
59 idern 1111151 19911 11119111 Ε511111 19 8919911 111115 5119195 911511111111119 ,111·1 91911191,
adspiraverit 111 111· 91119191111911115 9159111111 911 9191911111 59111111119111 91111191·-
19111911115. 811111191195 5919119111111191119191199911 captivitatis 1111191919591991911195,
11911111,9111911111115911111, 111911995191119119 1111191911119111991,11159 9999999115· 1511
99999995 1995991919 99995, 919 5919999559· 19591999 59199911191991’1’111151911’ 1911111111
991999119111111159999959911195111511111111 991919 1199111 99999911 199111911999119,
9199999 9999999959 9191· 1111995911. Ex 1911911115 15191111919115 91111111111111 1119119591191115
1111), ’1919999919 199991999599 9999999995 55551· 111191199995, 191191111119119951 1511111111
891991111111111111 111919111111111111119191, alias, 91111191·,111191911955911111119111111,1911119
miris adeo modis 111111 951, 8919991119 111191911911119111195 911111911111111111111ῑ
apostolos enim, haereticis 111111911115 1·111151911195, 707770777770 9999999999 7'77—
7077 07777 9999191119 99 199199911999199111911 0077 70777777 9199115911 9’99911919 9999999999
19911111119919 99199191 99991199999 9199119 9119191999 191119 9919991991111159199911
111·1999199999919 9919 1991999. 777 1191119111111111111119115,11191191119111191111911
Ε59119191111 991911991919919199911991191 111119119191111191
119111119111119111551, 111·111111199111. 91151, 111911, 11·1·191111119591991199, 9919-1
995999999999111151111991111·1185911111111111111111111111195111111 9111111111
11111191 9559

 

