777 771171177111111171177. 777

,7 7707-77 777777 777 771 71777 77777777777777 77777 f777 777 77 7717777771717777 777771 717777
777'7777'777'077777777'7: 77171177771777717777777777777777717777177777·61777111717777711777777-
777777,, ..77777 77 77 71777777 777777 ’7777177777 7770077777 Qui 7 Tiberio usque
,171 ,11117111711111 annos 1717111111 115 11711171·17·7111 Septimius 1111111 117117
(111·11111711711771 1117711171, nisi 177117 Τ1171111111777117171Ι 7171111117 annis 77711111
77111,8111717711],11171777177171177771111117111171711171111,771171111111117771
11711 71777777 7777111, 7711117111 177711111111, 11711177111171711177711[1711117171
177 111117771171 1111117117111 1171111111 iesse 1777117111 71 1711111117 7117 cum
ecclesia 77111111 gerere coepisse, nihil 7777111111

737. 11717717 771117711171711777717717111771771 nui 1117 7717111
7171711111577711711111171711711711117,711111117771111171117711171777771177771111177
177117111177111111111117171777711771171111777.1711111111177117· 11117117177711,
7771117777)17117,7111777171771111777777771777,17177171111111111111117771111111117
771711771117717771717 777. 11177117 1177111717 77771711 171 77111171 1717111 1171117771)
171711, 1711171111111111171 7111717111Ρ71711771711111, 11711117 111111 7171 1·71171,77771 71777·-
07'0777 07777777 777717 777'77777 777, 0777777777777777777771777· 777777770
7777 7777777777 77777 Sa 77 777,· 77777770777777 7111117171 11177 70777777 777777 7777777 777
1177. 11117711) ,11717111 Irenaeo 77711171 771. P077777¹777un 1717717777] 117711771-
17111777 nisi suh 7111177177.171111111·1711711717711711111111711173) scribens
111711111111711 7111111·71711771,1 7777777 777777 717777 77777',7777 7777777 7777 7777 7777 17777-
777777, 77777 7771771777777 777777777717777777777777 77771777777777777771777777 777-777
7777777777ῑ717777777717777777777777777171717117771777777717777,777777777777717777777777·
70777777 7771777177 7777, 71777 7177 777· 7717777177 777 7771777711, 77 7771 77 77771777 777777,
7177777777 7777717777 7777717 7777777777'7 77777777'7‘7 77777 7777777 7771777777 777777177·711;
77777777177777777777177777177777177717 77777777777777177777777717777177
77770777777777777 7077777077077 711777 777777 7777777 77777777777 7777777777, 777717777-
777717 7777 177777 7777777 777 7777777777 7777777777· 777, 77' 7777777 7717777177
771777777777777777777177177177777,7771777777777777777171777777777777777771177
111777117177717771171111 71111111 iis 771117 717 Cerdone 171771 11717171174),77777
777777'77 777717777777 77 77 77 77 77171777 7717777777 s7777777,77s 777 707 77777777 7077,
77777771177771777717777777771777777, 77777177777717771777777177777777777747777777717
7777 7117 771177717177771771777177777777 1777 771777 71777177 7777717 77 7717777717774771

177777 7707777'777777 777777 7777: 77 11111177111111 777111717177117171 ne-
1711777717111 77111711111111111117 11111 777 117 17 7771 111711111111 haeresin 71171
1111711177777771·171711111111711171177111117117117111177117,171 11177117111171-11
7777711 7111771 prorogasse non 17·177771 7·1711111; 111 711 111 11777111111771117117117
177111111771117711111717111111177111111111117711171711.1111111111711111 111111117 7777717 7777
71717 71777777 1171717111 ,17771,71 nee ipsius 7777777 711111 171771711711171111117111,
717111117177117171111· 17111 7717711117717717711111 11117171 secisse. Deinde non
obscure innuit Tertullianus, Marcionem 7777777777 177 7771771777177 7177777777777
7777177177777717177717777777777777777777771, 7177777 7771 7777777777717 1717177177777
1777771777 770777'777'77777 77777777771777777 777707'777'77777 77777777777, 77777777 (1777777777
77777717777777777777777ῑ117177771111111177777171777111117171711117111771111711111
temporis, euius 1117777171 7111171117) 17177711717777177117111771117 77711111
aperte 77,,11717117117111 71111 17111111 Pii 1111177 s ,1111117771171117171111171177111177117
771111Ε17111117111 episcopatui. 111 qui is Catholicus usque ,111 1117711171111111

-.-...—.-.--.-

1777771. cont. 111771, 111, 11111. 77771771117077777. 2) 17711, 1, 111. c. 11. 11. 3.
17. 7, 3. 17. 7. 3) Γ17771111, 717 17117171, c. 37. 7) 11711. 1. 111. e. 1. 11, 3.

 

