1151. 11:15511551 5155511111510 111

551155555 5555155. ·
115 51551111101'13 11551'5'111111115 15¹1 155111-111111‘151.

15. 8555555555 5555515555 555555, 1155 5555555555 5555, 55 regulam 5555-
55555 5555555555 555555555 51551555 5111 11 1551 55551555 551 51555515555155555, 5·5-5
ctissime 51015555151155115'151'15 55555555 555555551155 555155 515115555 11511
5511 55555555 55515 1551 5555 555555, 555 58155555 5155555 55555 115115 5555555555 5111115 docuisse
5511515 55555555 111111511155155115111 5555555555’55555555, 55555 55555555 5551 [5555555555.
1555155555555 55[ 15111511551151511115 55555555 55155555555555, 55555 515 5555 55
1515555555ἰί 5510151111, 55555 5555 i11151111551111 5555555555 5115151115111 555 51111111
5585115 511151111111511¹, 1115511511110115151 5015511111 585111115155 1151111-
m1155M1mmffllmmm1fflwfflmmmmffl 515155115
5151 51555555, 111 115111'11 51011510551'11'51551 5'115515155' 55155155511155515' 115551'1111 5555
55555555555555555· 15011 5111111515511111151115 11115111111'151111155551515501'5155115555111....
05555555 55555555 5555 0551 115551511 1511111'11'0515111, 15111111 555 5515 551051511'5, 511515155
51155555151155511551511155555511151121511'1115,511¹555511115115105,¹111l-
55151111111111101111155111555511511501115111511555515555,5515111111155555-
51011'5 5551'51511155 51151511510155 51'1555111111 1'1155515555 551111151111 E55151'1
151151151585 11151515111110515015511'55505 Ex5511115115
15555155555515 555 5155551555, 1⁰. 151555 5151111111151 h551511551¹11111 51555111105 agno-
55555 55 5555155555 1555555, 8555555555 05115'5 51555555 5555, id 555, 555555555555
5515555 55 5555, 151105511 55 555 5515555 555555 2⁰.0115511510111111050111111
5511511111a5151115115511511111111555511511 55, 551155510511'11511151151111‘111
511,5515555501‘51111115555111.115551151115511511511111151155115,111111511155
5555555555 55101155, 555 555555 555155555555. 3⁰. 155515555555555 155555515555558555-
15555555, 55 5155 5555 51511115111, 11510555 511155 55555555 555 5555555555, 5555555555
1555515555555 551151151115511151115555:E55111'11'1111111155, 51555515 555515'511111111'5511111
11155115111511151‘1511'51151101 511115 505 E151051111111111151511515155501151
1555555 5555555555, 55555 51¹g1111151155fi115111 1111515 11511s,5 55551 511555,1 5555515
851151511155151111111150555111rev-¹51s11111s,515515111501511'51211 115111' 55555555
1'51'1515, 55155551511505151'5, 5555111515111 555155111,5151511111151115
5511111! 1105, 55551511111115 11111511511,5111155511115¹S51¹11115151150515155151511 5015111511
5511' 55111155l1'11111 55115515'515511151111515555150111¹11111 555. Ul5151¹ht15115155555515
1555555 515 55111111 551151515 5155551151151 111511151115855111511 5155511111 5511111
1555 5155555· 55551555 5155115555 15515555 5555555555, qui 551111111 515551555515555555
555155 5551555555 555 555555 1101151511115555, 55 555 555555555551555555555555555555555
5555555 555, 1555155555, 55555555, 1151051001001551111111501151111111'1551111505115115515511'15,
11111115115111155551151555555111011155515515511511111.An155'111151155115150111115511-
5555,5 5555155555 15111555111’55511155 555155 55555 (555555155555555515555555555555
11511111151515 55551555 555155. 5115551 101 111 15555555 55155551¹¹5111115155 5555555555
5555 555 5551551555555 55515555, 555 551115 Scri51t111¹is 5555555555555, nisi '1115115151
5555555555555 55 5551555555, 55 5511115 551¹ 55'01115 0055115, 15011 51555151555151151-
15111f111151b15151stolis, 55111555115515551555551511555555151050511551, 555555,
551155551¹5551111115115555555'11511501511115Et1111155115111115011fes50511115111l
(55555555, 55555 851151 11155 511 1111 55551 555515 151 5151 5555555 regulam 5555555155
555555’55; 11515115 5111111 551 8555555555 5155555555 51155055511111111115151151, 5555
1555555555 55115555 5555555555 heterodoxi, 5555 55 5515555155555555555, 551115111111

——fss———d

),15555 1555. 11. 5. 35 55 5 15151 ,5315 55 1 lib. 111. 5 2

 

