111, mmmm 1707777177. 28]

11111111 11 universitate insignis foret, (1111111 11111 1111111111 111, 11111111
11111111111 (11111111 777-his 1111111 11111111111111111 111111, temporalem (11111-
11111 1111111111 111111 1111,11111111111 mundi 1111111 (11111111;111 11 11 (11111
111111111111111111111111,1111111111,11111111111111111111111111111111111
(1111 111111, post 111111 mundi 11111111111111111111 111111111111111,111 111 111 1111111
(111111111111 11111111111 11111 (1111111111 12151111 verba 11111
(111111111111111111111111111111111111111111111111(1111111111111111111111-
111· 11111, 1111111111 111111111111111 (1111111111111111111111,1(11(111(1(
1111· 1(1(11 77 77 (111( (1111111111 (1111111111,1(1(1111(111111·(1111111111111
(11111111111111(111111111(11111111111(11111111(111((1(11’(11’1,((111111(111(1
(11111111111(1’11111111111111111111111111111 (111111111111111(1111111
1(1(1111118111111111111101111111(1111111111,1111111111111111111111,11111(
(111111111111111111111111111111111111111111111111 Ji777777 77777'077'7
[1111111111(((1((111,Ε1111111111Ε·11111111,1111’11111; 1111111111111511,
11111 (111(’1 (1111111111 1111111( 11111111,- 111111111111111111,θ111(111ῗ(11
77777 7777'7 7 (1111111 (11111111 1111111111( (1111111111
111111 111,111 1111) (111111111111111111(1111111111, 11111α11μ1(1111(15 1111 1111111111
11111111111111.11111111111111111111111111(1(11111111111
1111111111 111111111111111111111111111111111111111 1111 (111111, 11111111(
1111111(1··((((((·1(,1((111111((1111111111,,,.111(11((1111111111
(11111111111111111 77777777 70777'7'7 7777'22877 111111111111, 111111 70777777,7 1111111111-
777777 7'77'777 111111111111111, 77 7077 7777777'7777 (1111111 777777'JJ77777, 777'-
1111 111 (1111 ((1 (11111111 1111111 (iam (11 11111111(1(11,1111 (11111111
11111111( 11111( 11111111111111111111111(1111111 1(1(11111111111111-(1
1(·((·1111111(111(,1(( 1111111111( 77'7777 7'7777 7777'007',7 7707770707777
11111(1,1(11((1(1111’11111((111111111111111111111,11111(1111111(11111111
11111111111111111111111111111111111111111111111111111(
11,· (11111, 11 1111111111 (,11 11111111(1111111111(1(1(11111111111111,
1111111111111( 1111111( 1111111( 1,(· 1111111111 (1111111111111111111111111111-
1(1· 8111111111111 [et 1111111111( Augustini 1111111 11111112111111111
1111( 111111 777777 (111111, 111( 1111111111( 777'7777 (1111111 7777 777· 70 7077777777707
(1111111111,1(1(11111111111111111(111111 1111111111111111
1111111(1,111(1111111111(11111111110111·(’1(’1(11((·(ῗ(’11(((1( (1111111111111111111
777 7007 1111111111111111(,81111111(((111111111111111111111111
1(1(111111111 1(1(111111111111111(1((111(111111111111111111111-
11111 77 777 (111111 11111111, 111111111111111111111111111111( 777 ((111
1111111111111111111Μ111111111( 111111 11111111111111 1111111111111, 11
111111’111111111(11111111111111111111111111111(111(’1,11(1(’1111111
(1111111111(((111111111111111(1,...1)1111((111(111 1111111111
(1111111 (1111111111 (1111111 1111111111 111111111111118111
(1111111111(((1111111111(1,1111111111111(1111 (1111111111 1111(-
777777777: 77777777 777 07777 777 1111111111 (1(1, 111111011111111( (1111111
1111111111111((1,-1111111111(1111111111111111.

77. 111, 1111111 (11111111, legimus 11 Apocalypsi futuram 1111 111114
11111111111111111, 11111 (1111111111111111111111111111, 111111111111111111·
111111111111 111111 1111111, (11 mmo 11111111111111111 11111111111(111111111111111111111
1111111111111111111111 1111111111.11 811111111111111111111111111 7.

W

11111111111111, 23. 2> 11111111. V. 17. 3111111111, 11111. 37.

1
7

 

